53 17 61
23 17 92
34 10 67

79 41 55
52 14 90
26 93 15

22 28 11 66
77 54  7 75
23 67 64 22
 8 45 55 85

31 78 10 61
95 69 22 21
45 13 26 86
17 11  8 69

39  7 62 39  1
28 13 93 58 91
83 32 18 44 29
42 40 11 14 40
 5 71 48 16 51

97  2 62 74 13
29 41 33 29  5
96  9  2 96 53
45 93 37  1 83
 9 78 82 83 66

98 63 59 32 48 34
 6 10 45 41 86 52
22 97 94 92 12 20
88 19 18 72 62 13
34 55 63 13 69 96
19 82 91 34 95 97

45 88 39 28 50 26
24 61 27 33 19 76
86 12 24 84 79 64
83 91 45 22 34 24
69 75 76 20 70 99
93 84 41 78 65 75

73 64 22 99 61 16 71
85 55 71 78 60  4 88
72 73 12 92 95  3 95
85  6 14 98 31 65 30
14 15 14 42 28 57 33
70 84 88 10 42 60 66
45 52 32  0 85 97 95

51 44 90 25  6 40 51
42 99 68 97 28 79 67
53 28 65 60 47  1 98
68 49 11 75 28 28 98
60  9 75 13 84  1 65
52  0 96 80 16 62 10
97 60 65 36 90 98 91

94  6 30 55 90 46 61  9
29 78 67 43 86 64 79 99
49  9 81  8 29  8 85  0
88 67 71 78 15 75 24 42
 5 14 44 13 92 79 17 14
42 47 68 54 74 53 52 39
99 70 26 30 26 80 88 97
85 59 42 24 50 57 72 76

85 93 20 10 20 79 76 22
27 59 53 13 53  5 35 37
67 92 97 22 77 67 30 90
55 91 16 98 87  3 47 54
 4 15 83 31 76 98 77 36
36 75 58 91  3 70 49 73
76 67 55  4 28 44 70 39
46 27 73 68 88 16 56  6

13 25 60 49 62 93 76 62 15
84 48 35 22 77 49 91 33 49
93 44 26  0  8 63 45  3 71
77 46  4 21 22 74 15  9 97
 0 53 61 11 60 99 64 93 30
62 45 77 89 57 39 29 38 22
54 32 66 75 43 62 97  0 52
94 61 95  9 35 24 58 76 70
93 80 25 82 84 94 64 32  5

54  1 50 95 96 97  8 70 63
10 73 19 14 53 69 21 59 97
98 55 74 31  3 47 45 30 34
17 19 54 32 32 13 86 14 84
87 67 45 15 92 39 74 37 33
16 41 93 83 47  8  2 85  6
60 50 59 92 97 64  3 49 28
 7 68  0 43 95 55 71 52 63
92 23 63 11 84 49  3 15 74

79 67 63 53 35 63 91 18 90  2
44 15 21 82 86 21 98 90 34 58
82 20 94 57 13 23 99 49  2 75
69 68 24 21 39 62 59  3 89 72
37 77 34 83 30 47 12 34 73 39
41  5 81 51 41 62 69 89 95 15
34 32 69 57 83 75  0 16 98 23
75 60  3 46 97 64 17 94 77 72
67 49 46 59 13 34 12 56 13 63
76 57 56 99 78 44 91 84 19 48

78 91 83 91 53 26 17 38 92 99
 2 20 16 76 28  3 92 34  5 71
33 31 41  7 93 59 13  0 70 42
68 69 14 12 88  3 70  3  0 46
34 25 99 17 59 29 20 10 93 76
88 10 24  9 86 28 85 14 94 61
33 82 47 69 28 13 65 85 22 81
99 78 72 56 95 48 25 59 49 29
55 51 90 26 99 39 62 16 80 44
32 64 21 74 16 21 70 75 89 12

